try_layout(15, 20, [(3, 3), (4, 4), (3, 4), (4, 3), (4, 5), (5, 4), (5, 5)])
[(0, 0, 5, 5), (5, 0, 3, 3), (8, 0, 4, 3), (5, 3, 4, 3), (9, 3, 3, 3), (12, 0, 3, 3), (0, 5, 5, 4), (5, 6, 3, 3), (12, 3, 3, 4), (0, 9, 4, 4), (4, 9, 4, 5), (8, 6, 4, 4), (12, 7, 3, 3), (8, 10, 3, 4), (11, 10, 4, 3), (11, 13, 4, 4), (0, 13, 4, 3), (4, 14, 3, 3), (0, 16, 4, 4), (7, 14, 4, 3), (4, 17, 4, 3), (8, 17, 3, 3), (11, 17, 4, 3)]

try_layout(15, 20, [(3, 3), (4, 4), (3, 4), (4, 3), (4, 5), (5, 4), (5, 5)])
[(0, 0, 3, 4), (3, 0, 4, 4), (0, 4, 4, 5), (0, 9, 4, 4), (0, 13, 4, 3), (7, 0, 4, 3), (7, 3, 4, 5), (0, 16, 4, 4), (11, 0, 4, 5), (4, 4, 3, 4), (11, 5, 4, 3), (4, 8, 4, 3), (4, 11, 4, 5), (8, 8, 4, 4), (8, 12, 3, 4), (4, 16, 3, 4), (11, 12, 4, 5), (7, 16, 4, 4), (12, 8, 3, 4), (11, 17, 4, 3)]

try_layout(30, 40, [(4, 4), (4, 6), (6, 4), (6, 6), (6, 8), (8, 6)])
[(0, 0, 4, 4), (4, 0, 8, 6), (0, 4, 4, 6), (4, 6, 4, 4), (0, 10, 6, 6), (12, 0, 6, 6), (8, 6, 6, 4), (6, 10, 6, 8), (0, 16, 6, 8), (18, 0, 8, 6), (14, 6, 4, 4), (12, 10, 6, 6), (6, 18, 6, 6), (18, 6, 6, 6), (0, 24, 8, 6), (26, 0, 4, 6), (12, 16, 8, 6), (18, 12, 6, 4), (24, 6, 6, 8), (0, 30, 4, 4), (8, 24, 4, 4), (4, 30, 4, 6), (12, 22, 6, 8), (0, 34, 4, 6), (8, 28, 4, 6), (20, 16, 4, 6), (24, 14, 6, 6), (4, 36, 4, 4), (18, 22, 6, 4), (8, 34, 6, 6), (12, 30, 6, 4), (18, 26, 6, 6), (24, 20, 6, 4), (14, 34, 4, 6), (24, 24, 6, 6), (18, 32, 6, 8), (24, 30, 6, 4), (24, 34, 6, 6)]

try_layout(30, 40, [(4, 4), (4, 6), (6, 4), (6, 6), (6, 8), (8, 6)])
[(0, 0, 8, 6), (0, 6, 6, 6), (8, 0, 6, 6), (6, 6, 4, 4), (0, 12, 6, 8), (14, 0, 6, 8), (6, 10, 4, 6), (10, 6, 4, 6), (20, 0, 6, 6), (0, 20, 4, 4), (6, 16, 4, 4), (10, 12, 6, 8), (14, 8, 6, 4), (4, 20, 4, 6), (0, 24, 4, 6), (20, 6, 4, 4), (26, 0, 4, 6), (8, 20, 6, 6), (16, 12, 4, 4), (4, 26, 6, 6), (20, 10, 4, 6), (24, 6, 6, 4), (0, 30, 4, 4), (16, 16, 6, 4), (14, 20, 4, 4), (24, 10, 6, 6), (0, 34, 4, 6), (4, 32, 6, 8), (10, 26, 4, 4), (14, 24, 4, 6), (18, 20, 4, 6), (22, 16, 8, 6), (10, 30, 8, 6), (18, 26, 8, 6), (22, 22, 4, 4), (10, 36, 4, 4), (26, 22, 4, 6), (14, 36, 6, 4), (18, 32, 6, 4), (26, 28, 4, 4), (20, 36, 4, 4), (24, 32, 6, 8)]

try_layout(30, 40, [(4, 4), (4, 6), (6, 4), (6, 6), (6, 8), (8, 6)])
[(0, 0, 6, 8), (6, 0, 4, 4), (0, 8, 6, 6), (6, 4, 6, 6), (10, 0, 6, 4), (0, 14, 4, 6), (6, 10, 4, 4), (12, 4, 8, 6), (16, 0, 4, 4), (4, 14, 6, 8), (10, 10, 4, 6), (20, 0, 4, 6), (0, 20, 4, 4), (14, 10, 6, 4), (24, 0, 6, 8), (0, 24, 4, 6), (4, 22, 6, 6), (10, 16, 4, 4), (20, 6, 4, 4), (14, 14, 6, 8), (10, 20, 4, 6), (20, 10, 4, 6), (0, 30, 4, 4), (4, 28, 6, 4), (24, 8, 6, 6), (0, 34, 4, 6), (4, 32, 6, 8), (10, 26, 6, 8), (14, 22, 6, 4), (20, 16, 4, 4), (24, 14, 6, 8), (20, 20, 4, 6), (16, 26, 4, 4), (10, 34, 4, 6), (16, 30, 6, 4), (20, 26, 6, 4), (24, 22, 6, 4), (14, 34, 8, 6), (22, 30, 4, 4), (26, 26, 4, 4), (22, 34, 4, 6), (26, 30, 4, 6), (26, 36, 4, 4)]

try_layout(30, 40, [(4, 4), (4, 6), (6, 4), (6, 6), (6, 8), (8, 6)])
[(0, 0, 6, 8), (6, 0, 4, 4), (0, 8, 4, 6), (6, 4, 6, 4), (10, 0, 6, 4), (4, 8, 8, 6), (0, 14, 6, 6), (12, 4, 4, 6), (16, 0, 6, 6), (6, 14, 6, 4), (0, 20, 6, 4), (12, 10, 6, 6), (16, 6, 4, 4), (22, 0, 8, 6), (6, 18, 6, 8), (0, 24, 6, 6), (20, 6, 6, 4), (12, 16, 8, 6), (18, 10, 8, 6), (0, 30, 4, 4), (6, 26, 6, 4), (26, 6, 4, 6), (4, 30, 4, 6), (12, 22, 6, 6), (0, 34, 4, 6), (20, 16, 6, 6), (8, 30, 4, 4), (26, 12, 4, 4), (4, 36, 4, 4), (12, 28, 8, 6), (18, 22, 4, 6), (8, 34, 8, 6), (26, 16, 4, 6), (22, 22, 8, 6), (20, 28, 6, 6), (16, 34, 6, 6), (26, 28, 4, 6), (22, 34, 8, 6)]

!!try_layout(30, 40, [(4, 4), (4, 6), (6, 4), (6, 6), (6, 8), (8, 6)])
[(0, 0, 6, 8), (6, 0, 4, 4), (0, 8, 8, 6), (6, 4, 6, 4), (10, 0, 6, 4), (0, 14, 6, 8), (8, 8, 6, 6), (12, 4, 4, 4), (16, 0, 6, 8), (6, 14, 6, 4), (14, 8, 8, 6), (22, 0, 8, 6), (0, 22, 4, 4), (6, 18, 4, 4), (4, 22, 6, 6), (12, 14, 4, 4), (0, 26, 4, 6), (10, 18, 8, 6), (22, 6, 4, 4), (16, 14, 6, 4), (4, 28, 6, 8), (22, 10, 4, 6), (26, 6, 4, 6), (0, 32, 4, 4), (10, 24, 4, 4), (18, 18, 4, 4), (0, 36, 6, 4), (10, 28, 4, 6), (14, 24, 4, 6), (22, 16, 8, 6), (26, 12, 4, 4), (18, 22, 6, 4), (6, 36, 4, 4), (10, 34, 8, 6), (14, 30, 4, 4), (18, 26, 6, 8), (24, 22, 6, 8), (18, 34, 6, 6), (24, 30, 6, 6), (24, 36, 6, 4)]

try_layout(30, 40, [(4, 4), (4, 6), (6, 4), (6, 6), (6, 8), (8, 6)])
[(0, 0, 6, 8), (6, 0, 6, 4), (0, 8, 4, 4), (6, 4, 4, 4), (4, 8, 6, 4), (12, 0, 4, 4), (0, 12, 6, 4), (10, 4, 4, 6), (16, 0, 6, 4), (0, 16, 4, 6), (6, 12, 4, 4), (14, 4, 6, 8), (4, 16, 6, 8), (10, 10, 4, 4), (22, 0, 4, 4), (0, 22, 4, 4), (10, 14, 4, 6), (20, 4, 6, 6), (14, 12, 6, 4), (26, 0, 4, 6), (0, 26, 4, 6), (4, 24, 8, 6), (10, 20, 4, 4), (14, 16, 6, 8), (20, 10, 4, 6), (26, 6, 4, 4), (0, 32, 4, 4), (4, 30, 6, 6), (24, 10, 6, 4), (12, 24, 4, 6), (20, 16, 4, 4), (0, 36, 6, 4), (24, 14, 6, 6), (10, 30, 6, 4), (16, 24, 6, 4), (20, 20, 6, 4), (6, 36, 4, 4), (10, 34, 4, 6), (16, 28, 6, 6), (22, 24, 4, 6), (26, 20, 4, 6), (14, 34, 8, 6), (22, 30, 4, 4), (26, 26, 4, 4), (22, 34, 4, 6), (26, 30, 4, 6), (26, 36, 4, 4)]

try_layout(30, 40, [(4, 4), (4, 6), (6, 4), (6, 6), (6, 8), (8, 6)])
[(0, 0, 8, 6), (0, 6, 4, 4), (8, 0, 4, 6), (4, 6, 6, 6), (0, 10, 4, 6), (12, 0, 6, 6), (4, 12, 4, 4), (10, 6, 8, 6), (0, 16, 8, 6), (18, 0, 4, 4), (8, 12, 4, 6), (18, 4, 4, 6), (22, 0, 8, 6), (0, 22, 6, 4), (12, 12, 6, 4), (8, 18, 4, 4), (0, 26, 6, 6), (6, 22, 6, 8), (12, 16, 6, 6), (18, 10, 4, 4), (22, 6, 4, 4), (18, 14, 4, 6), (22, 10, 4, 6), (26, 6, 4, 6), (0, 32, 6, 8), (12, 22, 6, 4), (6, 30, 4, 6), (12, 26, 4, 4), (18, 20, 8, 6), (22, 16, 4, 4), (26, 12, 4, 4), (10, 30, 6, 6), (6, 36, 6, 4), (16, 26, 4, 6), (26, 16, 4, 6), (20, 26, 4, 4), (12, 36, 4, 4), (16, 32, 4, 4), (26, 22, 4, 4), (20, 30, 6, 6), (24, 26, 6, 4), (16, 36, 6, 4), (26, 30, 4, 4), (22, 36, 4, 4), (26, 34, 4, 6)]

try_layout(30, 40, [(4, 4), (4, 6), (6, 4), (6, 6), (6, 8), (8, 6)])
[(0, 0, 6, 8), (6, 0, 6, 4), (0, 8, 6, 4), (6, 4, 6, 6), (12, 0, 4, 4), (0, 12, 6, 6), (6, 10, 4, 4), (12, 4, 4, 6), (16, 0, 6, 6), (0, 18, 4, 6), (6, 14, 6, 4), (10, 10, 6, 4), (4, 18, 6, 4), (16, 6, 6, 4), (22, 0, 8, 6), (0, 24, 4, 4), (4, 22, 6, 8), (12, 14, 4, 4), (16, 10, 6, 8), (10, 18, 8, 6), (22, 6, 4, 4), (0, 28, 4, 6), (22, 10, 4, 6), (26, 6, 4, 6), (4, 30, 6, 4), (10, 24, 4, 4), (0, 34, 6, 6), (18, 18, 4, 4), (10, 28, 4, 6), (14, 24, 4, 6), (22, 16, 8, 6), (26, 12, 4, 4), (6, 34, 8, 6), (18, 22, 6, 6), (14, 30, 4, 4), (18, 28, 6, 8), (24, 22, 6, 8), (14, 34, 4, 6), (18, 36, 6, 4), (24, 30, 6, 4), (24, 34, 6, 6)]